#lambda	        el ion    EP     gflog
#11337.808	Fe 1 	5.485	-1.235
#11355.851	Fe 1 	6.342   -1.328
#11388.538	Fe 1 	5.621   -0.711
11422.319	Fe 1 	2.198   -2.700
11439.124   	Fe 1 	2.845   -1.751
#11522.213   	Fe 1 	5.653   -1.176
#11522.926   	Fe 1 	3.237   -3.263
11607.572   	Fe 1 	2.198   -2.009
11662.677   	Fe 1 	6.286   -0.172
#11783.265   	Fe 1 	2.832   -1.574
#11854.238   	Fe 1 	5.683   -1.306
11880.045   	Fe 1 	6.369   -2.971
11882.844   	Fe 1 	2.198   -1.668
11884.083   	Fe 1 	2.223   -2.083
11973.046   	Fe 1 	2.176   -1.483
#12005.397   	Fe 1 	5.587   -0.533
12053.082   	Fe 1 	4.558   -1.543
#12060.688   	Fe 1 	5.314   -2.467
#12119.494   	Fe 1 	4.593   -1.635
12190.099   	Fe 1 	3.635   -2.330
#12213.336   	Fe 1 	4.638   -1.845
12227.111   	Fe 1 	4.607   -1.368
#12229.274   	Fe 1 	6.371   -0.688
12267.889   	Fe 1 	3.274   -4.368
12283.298   	Fe 1 	6.169   -0.537
#12299.721   	Fe 1 	6.268   -1.139
#12300.382   	Fe 1 	6.333   -0.873
#12321.203   	Fe 1 	2.424   -5.809
12340.481   	Fe 1 	2.279   -5.098
#12410.588   	Fe 1 	6.277   -1.102
#12414.081   	Fe 1 	5.693   -1.788
#12459.762   	Fe 1 	5.621   -1.579
#12477.598   	Fe 1 	6.222   -1.066
#12487.049   	Fe 1 	6.453   -1.183
#12512.240   	Fe 1 	4.988   -2.291
12556.917   	Fe 1 	6.666   -2.557
#12565.056   	Fe 1 	5.879   -3.149
#12586.976   	Fe 1 	5.273   -2.083
#12606.470   	Fe 1 	6.066   -1.110
12615.928   	Fe 1 	4.638   -1.517
12638.703   	Fe 1 	4.558   -0.783
12648.740   	Fe 1 	4.607   -1.140
12789.450   	Fe 1 	5.010   -1.514
12807.151   	Fe 1 	3.640   -2.452
12808.243   	Fe 1 	4.988   -1.362
12824.859   	Fe 1 	3.018   -3.835
12879.766   	Fe 1 	2.279   -3.458
12896.118   	Fe 1 	4.913   -1.424
12934.666   	Fe 1 	5.393   -0.948
13006.685   	Fe 1 	2.990   -3.744
#13039.647   	Fe 1 	5.655   -0.731
13098.876   	Fe 1 	5.010   -1.290
#13107.973   	Fe 1 	5.669   -1.449
13147.920   	Fe 1 	5.393   -0.814
#13352.173   	Fe 1 	5.308   -0.521
#13455.732	Fe 1 	6.200   -1.002
#14988.778	Fe 1 	6.169    0.186
15013.771	Fe 1 	6.22     0.087
15239.712	Fe 1 	6.419   -0.032
15294.561	Fe 1 	5.308    0.719
15301.558	Fe 1 	5.921   -0.687
#15343.788	Fe 1 	5.653   -0.582
#15671.004	Fe 1 	6.33    -0.221
#15691.853	Fe 1 	6.246    0.649
15741.917	Fe 1 	5.65    -0.100
15895.225	Fe 1 	6.258    0.485
15934.018	Fe 1 	6.310   -0.290
16156.557	Fe 1 	5.956   -0.294
16165.029	Fe 1 	6.319    0.988
16171.930	Fe 1 	6.380   -0.450
16174.976	Fe 1 	6.380    0.185
16177.990	Fe 1 	6.380   -0.402
16180.899	Fe 1 	6.280    0.295
#16235.966	Fe 1 	5.921   -0.024
#16292.840	Fe 1 	5.921   -0.157
16331.523	Fe 1 	5.979   -0.392
16753.064	Fe 1 	6.380    0.407
17161.104	Fe 1 	6.017   -0.071
17302.303	Fe 1 	6.066    0.123
17683.916	Fe 1 	6.340   0.214
17706.615	Fe 1 	6.579   0.605
#17717.233	Fe 1 	6.340   -0.360
17771.123	Fe 1 	5.950    0.180