lambda, k, taulambda, tauross, T, r/radius
  17762.000  34  1.01037E+00  3.63915E-01   3402.4   1.0027
  17762.051  34  1.10448E+00  3.63915E-01   3402.4   1.0027
  17762.100  34  1.09123E+00  3.63915E-01   3402.4   1.0027
  17762.150  35  1.60349E+00  4.82503E-01   3489.5   1.0019
  17762.199  35  1.37276E+00  4.82503E-01   3489.5   1.0019
  17762.250  35  1.19372E+00  4.82503E-01   3489.5   1.0019
  17762.301  35  1.09390E+00  4.82503E-01   3489.5   1.0019
  17762.350  35  1.02580E+00  4.82503E-01   3489.5   1.0019
  17762.400  36  1.42899E+00  6.31830E-01   3588.4   1.0012
  17762.449  36  1.27233E+00  6.31830E-01   3588.4   1.0012
  17762.500  36  1.15145E+00  6.31830E-01   3588.4   1.0012
  17762.551  36  1.09301E+00  6.31830E-01   3588.4   1.0012
  17762.600  36  1.08299E+00  6.31830E-01   3588.4   1.0012
  17762.650  36  1.08973E+00  6.31830E-01   3588.4   1.0012
  17762.699  36  1.08769E+00  6.31830E-01   3588.4   1.0012
  17762.750  36  1.06748E+00  6.31830E-01   3588.4   1.0012
  17762.801  36  1.03469E+00  6.31830E-01   3588.4   1.0012
  17762.850  36  1.00131E+00  6.31830E-01   3588.4   1.0012
  17762.900  37  1.44235E+00  8.14892E-01   3698.6   1.0006
  17762.949  37  1.42693E+00  8.14892E-01   3698.6   1.0006
  17763.000  37  1.41954E+00  8.14892E-01   3698.6   1.0006
  17763.051  37  1.41640E+00  8.14892E-01   3698.6   1.0006
  17763.100  37  1.41499E+00  8.14892E-01   3698.6   1.0006
  17763.150  37  1.41406E+00  8.14892E-01   3698.6   1.0006
  17763.199  37  1.41324E+00  8.14892E-01   3698.6   1.0006
  17763.250  37  1.41251E+00  8.14892E-01   3698.6   1.0006
  17763.301  37  1.41193E+00  8.14892E-01   3698.6   1.0006
  17763.350  37  1.41146E+00  8.14892E-01   3698.6   1.0006
  17763.400  37  1.41109E+00  8.14892E-01   3698.6   1.0006
  17763.449  37  1.41078E+00  8.14892E-01   3698.6   1.0006
  17763.500  37  1.41053E+00  8.14892E-01   3698.6   1.0006
  17763.551  37  1.41033E+00  8.14892E-01   3698.6   1.0006
  17763.600  37  1.41022E+00  8.14892E-01   3698.6   1.0006
  17763.650  37  1.41031E+00  8.14892E-01   3698.6   1.0006
  17763.699  37  1.41097E+00  8.14892E-01   3698.6   1.0006
  17763.750  37  1.41351E+00  8.14892E-01   3698.6   1.0006
  17763.801  37  1.42098E+00  8.14892E-01   3698.6   1.0006
  17763.850  37  1.43768E+00  8.14892E-01   3698.6   1.0006
  17763.900  37  1.46543E+00  8.14892E-01   3698.6   1.0006
  17763.949  36  1.02084E+00  6.31830E-01   3588.4   1.0012
  17764.000  36  1.03924E+00  6.31830E-01   3588.4   1.0012
  17764.051  36  1.03824E+00  6.31830E-01   3588.4   1.0012
  17764.100  36  1.01845E+00  6.31830E-01   3588.4   1.0012
  17764.150  37  1.46291E+00  8.14892E-01   3698.6   1.0006
  17764.199  37  1.43562E+00  8.14892E-01   3698.6   1.0006
  17764.250  37  1.41929E+00  8.14892E-01   3698.6   1.0006
  17764.301  37  1.41193E+00  8.14892E-01   3698.6   1.0006
  17764.350  37  1.40936E+00  8.14892E-01   3698.6   1.0006
  17764.400  37  1.40863E+00  8.14892E-01   3698.6   1.0006
  17764.449  37  1.40841E+00  8.14892E-01   3698.6   1.0006
  17764.500  37  1.40832E+00  8.14892E-01   3698.6   1.0006
  17764.551  37  1.40834E+00  8.14892E-01   3698.6   1.0006
  17764.600  37  1.40871E+00  8.14892E-01   3698.6   1.0006
  17764.650  37  1.40990E+00  8.14892E-01   3698.6   1.0006
  17764.699  37  1.41265E+00  8.14892E-01   3698.6   1.0006
  17764.750  37  1.41735E+00  8.14892E-01   3698.6   1.0006
  17764.801  37  1.42319E+00  8.14892E-01   3698.6   1.0006
  17764.850  37  1.42808E+00  8.14892E-01   3698.6   1.0006
  17764.900  37  1.43019E+00  8.14892E-01   3698.6   1.0006
  17764.949  37  1.43022E+00  8.14892E-01   3698.6   1.0006
  17765.000  37  1.43266E+00  8.14892E-01   3698.6   1.0006
  17765.051  37  1.44661E+00  8.14892E-01   3698.6   1.0006
  17765.100  36  1.00677E+00  6.31830E-01   3588.4   1.0012
  17765.150  36  1.06544E+00  6.31830E-01   3588.4   1.0012
  17765.199  36  1.14862E+00  6.31830E-01   3588.4   1.0012
  17765.250  36  1.23091E+00  6.31830E-01   3588.4   1.0012
  17765.301  36  1.27508E+00  6.31830E-01   3588.4   1.0012
  17765.350  36  1.26052E+00  6.31830E-01   3588.4   1.0012
  17765.400  36  1.20093E+00  6.31830E-01   3588.4   1.0012
  17765.449  36  1.12938E+00  6.31830E-01   3588.4   1.0012
  17765.500  36  1.06954E+00  6.31830E-01   3588.4   1.0012
  17765.551  36  1.02607E+00  6.31830E-01   3588.4   1.0012
  17765.600  37  1.47943E+00  8.14892E-01   3698.6   1.0006
  17765.650  37  1.44550E+00  8.14892E-01   3698.6   1.0006
  17765.699  37  1.42576E+00  8.14892E-01   3698.6   1.0006
  17765.750  37  1.41558E+00  8.14892E-01   3698.6   1.0006
  17765.801  37  1.41088E+00  8.14892E-01   3698.6   1.0006
  17765.850  37  1.40897E+00  8.14892E-01   3698.6   1.0006
  17765.900  37  1.40835E+00  8.14892E-01   3698.6   1.0006
  17765.949  37  1.40870E+00  8.14892E-01   3698.6   1.0006
  17766.000  37  1.41056E+00  8.14892E-01   3698.6   1.0006
  17766.051  37  1.41586E+00  8.14892E-01   3698.6   1.0006
  17766.100  37  1.42725E+00  8.14892E-01   3698.6   1.0006
  17766.150  37  1.44502E+00  8.14892E-01   3698.6   1.0006
  17766.199  37  1.46412E+00  8.14892E-01   3698.6   1.0006
  17766.250  36  1.00389E+00  6.31830E-01   3588.4   1.0012
  17766.301  36  1.00104E+00  6.31830E-01   3588.4   1.0012
  17766.350  37  1.45846E+00  8.14892E-01   3698.6   1.0006
  17766.400  37  1.44709E+00  8.14892E-01   3698.6   1.0006
  17766.449  37  1.44936E+00  8.14892E-01   3698.6   1.0006
  17766.500  37  1.46825E+00  8.14892E-01   3698.6   1.0006
  17766.551  36  1.01197E+00  6.31830E-01   3588.4   1.0012
  17766.600  36  1.03176E+00  6.31830E-01   3588.4   1.0012
  17766.650  36  1.06869E+00  6.31830E-01   3588.4   1.0012
  17766.699  36  1.22512E+00  6.31830E-01   3588.4   1.0012
  17766.750  35  1.44540E+00  4.82503E-01   3489.5   1.0019
  17766.801  29  1.02669E+00  8.93100E-02   3128.4   1.0070
  17766.850  25  1.02205E+00  3.31131E-02   3007.8   1.0104
  17766.900  23  1.34188E+00  2.09218E-02   2958.4   1.0121
  17766.949  21  1.43085E+00  1.34431E-02   2912.7   1.0138
  17767.000  20  1.58593E+00  1.08268E-02   2890.8   1.0146
  17767.051  19  1.42556E+00  8.73776E-03   2869.4   1.0154
  17767.100  19  1.33302E+00  8.73776E-03   2869.4   1.0154
  17767.150  20  1.29765E+00  1.08268E-02   2890.8   1.0146
  17767.199  22  1.31337E+00  1.67417E-02   2935.2   1.0129
  17767.250  25  1.37321E+00  3.31131E-02   3007.8   1.0104
  17767.301  28  1.16136E+00  6.89128E-02   3094.3   1.0078
  17767.350  32  1.04012E+00  2.04174E-01   3264.9   1.0044
  17767.400  36  1.32113E+00  6.31830E-01   3588.4   1.0012
  17767.449  36  1.04978E+00  6.31830E-01   3588.4   1.0012
  17767.500  37  1.46078E+00  8.14892E-01   3698.6   1.0006
  17767.551  37  1.46490E+00  8.14892E-01   3698.6   1.0006
  17767.600  36  1.00270E+00  6.31830E-01   3588.4   1.0012
  17767.650  36  1.00240E+00  6.31830E-01   3588.4   1.0012
  17767.699  37  1.47077E+00  8.14892E-01   3698.6   1.0006
  17767.750  37  1.46745E+00  8.14892E-01   3698.6   1.0006
  17767.801  37  1.47148E+00  8.14892E-01   3698.6   1.0006
  17767.850  37  1.48210E+00  8.14892E-01   3698.6   1.0006
  17767.900  36  1.01185E+00  6.31830E-01   3588.4   1.0012
  17767.949  36  1.03624E+00  6.31830E-01   3588.4   1.0012
  17768.000  36  1.06590E+00  6.31830E-01   3588.4   1.0012
  17768.051  36  1.08992E+00  6.31830E-01   3588.4   1.0012
  17768.100  36  1.09582E+00  6.31830E-01   3588.4   1.0012
  17768.150  36  1.07930E+00  6.31830E-01   3588.4   1.0012
  17768.199  36  1.04766E+00  6.31830E-01   3588.4   1.0012
  17768.250  36  1.01362E+00  6.31830E-01   3588.4   1.0012
  17768.301  37  1.45164E+00  8.14892E-01   3698.6   1.0006
  17768.350  37  1.43248E+00  8.14892E-01   3698.6   1.0006
  17768.400  37  1.42107E+00  8.14892E-01   3698.6   1.0006
  17768.449  37  1.41464E+00  8.14892E-01   3698.6   1.0006
  17768.500  37  1.41165E+00  8.14892E-01   3698.6   1.0006
  17768.551  37  1.41177E+00  8.14892E-01   3698.6   1.0006
  17768.600  37  1.41627E+00  8.14892E-01   3698.6   1.0006
  17768.650  37  1.42814E+00  8.14892E-01   3698.6   1.0006
  17768.699  37  1.44965E+00  8.14892E-01   3698.6   1.0006
  17768.750  36  1.00249E+00  6.31830E-01   3588.4   1.0012
  17768.801  36  1.02087E+00  6.31830E-01   3588.4   1.0012
  17768.850  36  1.02504E+00  6.31830E-01   3588.4   1.0012
  17768.900  36  1.01272E+00  6.31830E-01   3588.4   1.0012
  17768.949  37  1.46495E+00  8.14892E-01   3698.6   1.0006
  17769.000  37  1.44195E+00  8.14892E-01   3698.6   1.0006
  17769.051  37  1.42741E+00  8.14892E-01   3698.6   1.0006
  17769.100  37  1.41988E+00  8.14892E-01   3698.6   1.0006
  17769.150  37  1.41618E+00  8.14892E-01   3698.6   1.0006
  17769.199  37  1.41559E+00  8.14892E-01   3698.6   1.0006
  17769.250  37  1.42125E+00  8.14892E-01   3698.6   1.0006
  17769.301  37  1.44148E+00  8.14892E-01   3698.6   1.0006
  17769.350  36  1.02675E+00  6.31830E-01   3588.4   1.0012
  17769.400  36  1.11723E+00  6.31830E-01   3588.4   1.0012
  17769.449  36  1.24968E+00  6.31830E-01   3588.4   1.0012
  17769.500  36  1.39365E+00  6.31830E-01   3588.4   1.0012
  17769.551  35  1.14581E+00  4.82503E-01   3489.5   1.0019
  17769.600  35  1.15480E+00  4.82503E-01   3489.5   1.0019
  17769.650  36  1.42022E+00  6.31830E-01   3588.4   1.0012
  17769.699  36  1.28265E+00  6.31830E-01   3588.4   1.0012
  17769.750  36  1.14681E+00  6.31830E-01   3588.4   1.0012
  17769.801  36  1.04766E+00  6.31830E-01   3588.4   1.0012
  17769.850  37  1.45579E+00  8.14892E-01   3698.6   1.0006
  17769.900  37  1.42918E+00  8.14892E-01   3698.6   1.0006
  17769.949  37  1.41955E+00  8.14892E-01   3698.6   1.0006
  17770.000  37  1.41746E+00  8.14892E-01   3698.6   1.0006
  17770.051  37  1.41945E+00  8.14892E-01   3698.6   1.0006
  17770.100  37  1.42771E+00  8.14892E-01   3698.6   1.0006
  17770.150  37  1.45183E+00  8.14892E-01   3698.6   1.0006
  17770.199  36  1.02970E+00  6.31830E-01   3588.4   1.0012
  17770.250  36  1.11841E+00  6.31830E-01   3588.4   1.0012
  17770.301  36  1.24090E+00  6.31830E-01   3588.4   1.0012
  17770.350  36  1.35591E+00  6.31830E-01   3588.4   1.0012
  17770.400  35  1.00102E+00  4.82503E-01   3489.5   1.0019
  17770.449  36  1.35992E+00  6.31830E-01   3588.4   1.0012
  17770.500  36  1.24797E+00  6.31830E-01   3588.4   1.0012
  17770.551  36  1.12844E+00  6.31830E-01   3588.4   1.0012
  17770.600  36  1.04428E+00  6.31830E-01   3588.4   1.0012
  17770.650  36  1.00344E+00  6.31830E-01   3588.4   1.0012
  17770.699  37  1.48707E+00  8.14892E-01   3698.6   1.0006
  17770.750  36  1.01306E+00  6.31830E-01   3588.4   1.0012
  17770.801  36  1.10332E+00  6.31830E-01   3588.4   1.0012
  17770.850  36  1.47869E+00  6.31830E-01   3588.4   1.0012
  17770.900  34  1.03197E+00  3.63915E-01   3402.4   1.0027
  17770.949  33  1.35525E+00  2.72521E-01   3327.8   1.0035
  17771.000  31  1.08943E+00  1.53745E-01   3212.1   1.0052
  17771.051  30  1.18437E+00  1.16654E-01   3167.1   1.0061
  17771.100  29  1.02232E+00  8.93100E-02   3128.4   1.0070
  17771.150  29  1.01130E+00  8.93100E-02   3128.4   1.0070
  17771.199  30  1.14725E+00  1.16654E-01   3167.1   1.0061
  17771.250  31  1.03599E+00  1.53745E-01   3212.1   1.0052
  17771.301  33  1.27417E+00  2.72521E-01   3327.8   1.0035
  17771.350  35  1.59353E+00  4.82503E-01   3489.5   1.0019
  17771.400  36  1.42713E+00  6.31830E-01   3588.4   1.0012
  17771.449  36  1.09016E+00  6.31830E-01   3588.4   1.0012
  17771.500  36  1.00820E+00  6.31830E-01   3588.4   1.0012
  17771.551  37  1.47590E+00  8.14892E-01   3698.6   1.0006
  17771.600  37  1.45940E+00  8.14892E-01   3698.6   1.0006
  17771.650  37  1.45069E+00  8.14892E-01   3698.6   1.0006
  17771.699  37  1.44744E+00  8.14892E-01   3698.6   1.0006
  17771.750  37  1.44933E+00  8.14892E-01   3698.6   1.0006
  17771.801  37  1.45467E+00  8.14892E-01   3698.6   1.0006
  17771.850  37  1.45947E+00  8.14892E-01   3698.6   1.0006
  17771.900  37  1.45923E+00  8.14892E-01   3698.6   1.0006
  17771.949  37  1.45239E+00  8.14892E-01   3698.6   1.0006
  17772.000  37  1.44166E+00  8.14892E-01   3698.6   1.0006
  17772.051  37  1.43152E+00  8.14892E-01   3698.6   1.0006
  17772.100  37  1.42501E+00  8.14892E-01   3698.6   1.0006
  17772.150  37  1.42326E+00  8.14892E-01   3698.6   1.0006
  17772.199  37  1.42767E+00  8.14892E-01   3698.6   1.0006
  17772.250  37  1.44556E+00  8.14892E-01   3698.6   1.0006
  17772.301  36  1.03202E+00  6.31830E-01   3588.4   1.0012
  17772.350  36  1.26090E+00  6.31830E-01   3588.4   1.0012
  17772.400  33  1.09693E+00  2.72521E-01   3327.8   1.0035
  17772.449  30  1.54451E+00  1.16654E-01   3167.1   1.0061
  17772.500  25  1.19512E+00  3.31131E-02   3007.8   1.0104
  17772.551  23  1.50705E+00  2.09218E-02   2958.4   1.0121
  17772.600  20  1.20104E+00  1.08268E-02   2890.8   1.0146
  17772.650  20  1.63715E+00  1.08268E-02   2890.8   1.0146
  17772.699  18  1.09601E+00  7.06318E-03   2848.4   1.0163
  17772.750  20  1.62452E+00  1.08268E-02   2890.8   1.0146
  17772.801  20  1.18310E+00  1.08268E-02   2890.8   1.0146
  17772.850  23  1.47640E+00  2.09218E-02   2958.4   1.0121
  17772.900  25  1.16839E+00  3.31131E-02   3007.8   1.0104
  17772.949  29  1.21989E+00  8.93100E-02   3128.4   1.0070
  17773.000  33  1.10704E+00  2.72521E-01   3327.8   1.0035
  17773.051  36  1.27146E+00  6.31830E-01   3588.4   1.0012
  17773.100  36  1.03467E+00  6.31830E-01   3588.4   1.0012
  17773.150  37  1.43445E+00  8.14892E-01   3698.6   1.0006
  17773.199  37  1.42536E+00  8.14892E-01   3698.6   1.0006
  17773.250  37  1.46279E+00  8.14892E-01   3698.6   1.0006
  17773.301  36  1.17502E+00  6.31830E-01   3588.4   1.0012
  17773.350  35  1.43585E+00  4.82503E-01   3489.5   1.0019
  17773.400  30  1.31065E+00  1.16654E-01   3167.1   1.0061
  17773.449  25  1.05307E+00  3.31131E-02   3007.8   1.0104
  17773.500  23  1.39272E+00  2.09218E-02   2958.4   1.0121
  17773.551  20  1.16561E+00  1.08268E-02   2890.8   1.0146
  17773.600  19  1.30109E+00  8.73776E-03   2869.4   1.0154
  17773.650  18  1.17608E+00  7.06318E-03   2848.4   1.0163
  17773.699  18  1.10871E+00  7.06318E-03   2848.4   1.0163
  17773.750  20  1.40126E+00  1.08268E-02   2890.8   1.0146
  17773.801  22  1.43078E+00  1.67417E-02   2935.2   1.0129
  17773.850  24  1.18325E+00  2.62543E-02   2982.5   1.0112
  17773.900  28  1.28449E+00  6.89128E-02   3094.3   1.0078
  17773.949  32  1.14243E+00  2.04174E-01   3264.9   1.0044
  17774.000  35  1.02522E+00  4.82503E-01   3489.5   1.0019
  17774.051  36  1.06829E+00  6.31830E-01   3588.4   1.0012
  17774.100  36  1.02442E+00  6.31830E-01   3588.4   1.0012
  17774.150  36  1.07739E+00  6.31830E-01   3588.4   1.0012
  17774.199  36  1.16566E+00  6.31830E-01   3588.4   1.0012
  17774.250  36  1.23366E+00  6.31830E-01   3588.4   1.0012
  17774.301  36  1.23404E+00  6.31830E-01   3588.4   1.0012
  17774.350  36  1.16680E+00  6.31830E-01   3588.4   1.0012
  17774.400  36  1.07776E+00  6.31830E-01   3588.4   1.0012
  17774.449  36  1.01197E+00  6.31830E-01   3588.4   1.0012
  17774.500  37  1.46821E+00  8.14892E-01   3698.6   1.0006
  17774.551  37  1.48931E+00  8.14892E-01   3698.6   1.0006
  17774.600  36  1.06991E+00  6.31830E-01   3588.4   1.0012
  17774.650  36  1.24213E+00  6.31830E-01   3588.4   1.0012
  17774.699  36  1.52434E+00  6.31830E-01   3588.4   1.0012
  17774.750  35  1.16263E+00  4.82503E-01   3489.5   1.0019
  17774.801  35  1.28866E+00  4.82503E-01   3489.5   1.0019
  17774.850  35  1.30454E+00  4.82503E-01   3489.5   1.0019
  17774.900  35  1.25224E+00  4.82503E-01   3489.5   1.0019
  17774.949  35  1.19452E+00  4.82503E-01   3489.5   1.0019
  17775.000  36  1.53006E+00  6.31830E-01   3588.4   1.0012
  17775.051  35  1.05855E+00  4.82503E-01   3489.5   1.0019
  17775.100  36  1.28558E+00  6.31830E-01   3588.4   1.0012
  17775.150  36  1.15699E+00  6.31830E-01   3588.4   1.0012
  17775.199  36  1.05960E+00  6.31830E-01   3588.4   1.0012
  17775.250  36  1.00540E+00  6.31830E-01   3588.4   1.0012
  17775.301  37  1.45231E+00  8.14892E-01   3698.6   1.0006
  17775.350  37  1.45059E+00  8.14892E-01   3698.6   1.0006
  17775.400  37  1.45005E+00  8.14892E-01   3698.6   1.0006
  17775.449  37  1.44350E+00  8.14892E-01   3698.6   1.0006
  17775.500  37  1.43240E+00  8.14892E-01   3698.6   1.0006
  17775.551  37  1.42163E+00  8.14892E-01   3698.6   1.0006
  17775.600  37  1.41455E+00  8.14892E-01   3698.6   1.0006
  17775.650  37  1.41114E+00  8.14892E-01   3698.6   1.0006
  17775.699  37  1.40999E+00  8.14892E-01   3698.6   1.0006
  17775.750  37  1.40986E+00  8.14892E-01   3698.6   1.0006
  17775.801  37  1.41008E+00  8.14892E-01   3698.6   1.0006
  17775.850  37  1.41036E+00  8.14892E-01   3698.6   1.0006
  17775.900  37  1.41077E+00  8.14892E-01   3698.6   1.0006
  17775.949  37  1.41209E+00  8.14892E-01   3698.6   1.0006
  17776.000  37  1.41617E+00  8.14892E-01   3698.6   1.0006
  17776.051  37  1.42523E+00  8.14892E-01   3698.6   1.0006
  17776.100  37  1.43954E+00  8.14892E-01   3698.6   1.0006
  17776.150  37  1.45482E+00  8.14892E-01   3698.6   1.0006
  17776.199  37  1.46337E+00  8.14892E-01   3698.6   1.0006
  17776.250  37  1.45990E+00  8.14892E-01   3698.6   1.0006
  17776.301  37  1.44669E+00  8.14892E-01   3698.6   1.0006
  17776.350  37  1.43102E+00  8.14892E-01   3698.6   1.0006
  17776.400  37  1.41918E+00  8.14892E-01   3698.6   1.0006
  17776.449  37  1.41273E+00  8.14892E-01   3698.6   1.0006
  17776.500  37  1.41009E+00  8.14892E-01   3698.6   1.0006
  17776.551  37  1.40927E+00  8.14892E-01   3698.6   1.0006
  17776.600  37  1.40911E+00  8.14892E-01   3698.6   1.0006
  17776.650  37  1.40913E+00  8.14892E-01   3698.6   1.0006
  17776.699  37  1.40921E+00  8.14892E-01   3698.6   1.0006
  17776.750  37  1.40927E+00  8.14892E-01   3698.6   1.0006
  17776.801  37  1.40930E+00  8.14892E-01   3698.6   1.0006
  17776.850  37  1.40918E+00  8.14892E-01   3698.6   1.0006
  17776.900  37  1.40915E+00  8.14892E-01   3698.6   1.0006
  17776.949  37  1.40912E+00  8.14892E-01   3698.6   1.0006
  17777.000  37  1.40912E+00  8.14892E-01   3698.6   1.0006
  17777.051  37  1.40916E+00  8.14892E-01   3698.6   1.0006
  17777.100  37  1.40926E+00  8.14892E-01   3698.6   1.0006
  17777.150  37  1.40944E+00  8.14892E-01   3698.6   1.0006
  17777.199  37  1.40979E+00  8.14892E-01   3698.6   1.0006
  17777.250  37  1.41055E+00  8.14892E-01   3698.6   1.0006
  17777.301  37  1.41263E+00  8.14892E-01   3698.6   1.0006
  17777.350  37  1.41921E+00  8.14892E-01   3698.6   1.0006
  17777.400  37  1.43799E+00  8.14892E-01   3698.6   1.0006
  17777.449  37  1.48050E+00  8.14892E-01   3698.6   1.0006
  17777.500  36  1.03149E+00  6.31830E-01   3588.4   1.0012
  17777.551  36  1.07789E+00  6.31830E-01   3588.4   1.0012
  17777.600  36  1.10466E+00  6.31830E-01   3588.4   1.0012
  17777.650  36  1.09563E+00  6.31830E-01   3588.4   1.0012
  17777.699  36  1.06334E+00  6.31830E-01   3588.4   1.0012
  17777.750  36  1.04126E+00  6.31830E-01   3588.4   1.0012
  17777.801  36  1.05702E+00  6.31830E-01   3588.4   1.0012
  17777.850  36  1.11456E+00  6.31830E-01   3588.4   1.0012
  17777.900  36  1.19663E+00  6.31830E-01   3588.4   1.0012
  17777.949  36  1.28069E+00  6.31830E-01   3588.4   1.0012
  17778.000  36  1.35263E+00  6.31830E-01   3588.4   1.0012
  17778.051  36  1.40320E+00  6.31830E-01   3588.4   1.0012
  17778.100  36  1.41624E+00  6.31830E-01   3588.4   1.0012
  17778.150  36  1.37555E+00  6.31830E-01   3588.4   1.0012
  17778.199  36  1.28733E+00  6.31830E-01   3588.4   1.0012
  17778.250  36  1.18490E+00  6.31830E-01   3588.4   1.0012
  17778.301  36  1.10691E+00  6.31830E-01   3588.4   1.0012
  17778.350  36  1.07516E+00  6.31830E-01   3588.4   1.0012
  17778.400  36  1.09010E+00  6.31830E-01   3588.4   1.0012
  17778.449  36  1.13820E+00  6.31830E-01   3588.4   1.0012
  17778.500  36  1.20071E+00  6.31830E-01   3588.4   1.0012
  17778.551  36  1.25866E+00  6.31830E-01   3588.4   1.0012
  17778.600  36  1.29504E+00  6.31830E-01   3588.4   1.0012
  17778.650  36  1.29687E+00  6.31830E-01   3588.4   1.0012
  17778.699  36  1.25904E+00  6.31830E-01   3588.4   1.0012
  17778.750  36  1.18941E+00  6.31830E-01   3588.4   1.0012
  17778.801  36  1.10905E+00  6.31830E-01   3588.4   1.0012
  17778.850  36  1.04102E+00  6.31830E-01   3588.4   1.0012
  17778.900  37  1.47873E+00  8.14892E-01   3698.6   1.0006
  17778.949  37  1.44624E+00  8.14892E-01   3698.6   1.0006
  17779.000  37  1.42836E+00  8.14892E-01   3698.6   1.0006
  17779.051  37  1.41898E+00  8.14892E-01   3698.6   1.0006
  17779.100  37  1.41638E+00  8.14892E-01   3698.6   1.0006
  17779.150  37  1.42255E+00  8.14892E-01   3698.6   1.0006
  17779.199  37  1.44410E+00  8.14892E-01   3698.6   1.0006
  17779.250  36  1.01026E+00  6.31830E-01   3588.4   1.0012
  17779.301  36  1.06657E+00  6.31830E-01   3588.4   1.0012
  17779.350  36  1.13112E+00  6.31830E-01   3588.4   1.0012
  17779.400  36  1.18259E+00  6.31830E-01   3588.4   1.0012
  17779.449  36  1.20954E+00  6.31830E-01   3588.4   1.0012
  17779.500  36  1.21852E+00  6.31830E-01   3588.4   1.0012
  17779.551  36  1.21805E+00  6.31830E-01   3588.4   1.0012
  17779.600  36  1.20408E+00  6.31830E-01   3588.4   1.0012
  17779.650  36  1.17179E+00  6.31830E-01   3588.4   1.0012
  17779.699  36  1.13284E+00  6.31830E-01   3588.4   1.0012
  17779.750  36  1.10567E+00  6.31830E-01   3588.4   1.0012
  17779.801  36  1.09220E+00  6.31830E-01   3588.4   1.0012
  17779.850  36  1.07658E+00  6.31830E-01   3588.4   1.0012
  17779.900  36  1.04719E+00  6.31830E-01   3588.4   1.0012
  17779.949  36  1.01001E+00  6.31830E-01   3588.4   1.0012
  17780.000  37  1.45622E+00  8.14892E-01   3698.6   1.0006
